100000000055555555555555555555
111111111111111120000000000005
000000000000000020000000000005
000000000000000020000000000005
000000000000000020000000000005
000000000000000020000000000005
000000000000000020000000000005
000000000000000020000000000005
000000000000000020000000000005
000000000000000020000000000005
000000000000000020000000000005
000000000000000020000055555555
000000000000000020000040000000
000000000000000020000040000000
000000000000000020000040000000
000000000000000020000040000000
000000000000000020000040000000
000000000000000020000040000000
000000000000000020000040000000
000000000000000020000040000000
000000000000000020000040000000
000000000000000020000040000000
000000000000000020000044444444
000000000000000020000000000003
000000000000000020000000000003
000000000000000020000000000003
000000000000000020000000000003
000000000000000020000000000003
000000000000000020000000000003
000000000000000033333333333333
