111111111111111111111100000000
000000000000000000000100000000
000000000000000000000100000000
000000000000000000000100000000
000000000000000000000100000000
000000000000000000000100000000
000000000000000000000100000000
000000000000000000000100000000
000000000000000000000100000000
000000000000000000000100000000
000000000000000000000100000000
000000000000000000000100000000
000000000000000000000100000000
000000000000000000000100000000
000000000000000000000100000000
000000000000000000000100000000
000000000000000000000100000000
000000000000000000000100000000
000000000000000000000100000000
000000000000000000000100000000
000000000000000000000100000000
000000000000000000000100000000
011111111111111111111100000000
000000000000000000000000000000
000000000000000000000000000000
000000000000000000000000000000
000000000000000000000000000000
000000000000000000000000000000
000000000000000000000000000000
000000000000000000000000000000
